10/09/2015	105.09	106.05	104.67	105.56	7,341,170
10/08/2015	103.2	104.89	102.7	104.61	7,490,836
10/07/2015	104.49	104.59	102.66	103.39	6,997,676
10/06/2015	104.19	104.51	103.21	103.77	5,651,074
10/05/2015	103.7	104.196	102.6101	103.85	7,134,831
10/02/2015	101.21	103.01	99.88	103	9,101,720
10/01/2015	102.97	103.47	101.08	102.67	7,499,266
09/30/2015	100.78	102.43	100.5	102.2	9,183,569
09/29/2015	98.51	100.06	97.77	99.42	9,457,840
09/28/2015	99.9	100.39	98.295	98.49	8,226,507
09/25/2015	101.51	101.8	99.58	100.3	7,174,061
09/24/2015	101		101.33	99.24	100.62	10,700,490
09/23/2015	102.44	102.63	101.38	101.57	5,815,120
09/22/2015	102.18	102.75	101.48	102.49	8,325,366
09/21/2015	103.68	103.83	102.46	103.41	7,136,925
09/18/2015	103.2	104.21	102.39	102.84	13,505,040
09/17/2015	104.2	105.95	103.75	104.2	7,711,854
09/16/2015	103.32	104.07	102.75	103.96	6,507,954
09/15/2015	103.25	103.8	101.83	103.43	9,163,900
09/14/2015	104.65	104.9	102.99	103.82	6,956,215
09/11/2015	102.35	104.5	102.2	104.48	9,528,047
09/10/2015	101.85	103.22	101.331	102.6	9,010,373
09/09/2015	104.75	104.95	101.68	101.91	9,524,016
09/08/2015	102.95	104.15	102.515	104.01	8,553,953
09/04/2015	100.96	101.82	100.36	100.97	9,201,816
09/03/2015	102.2	103.03	101.46	101.99	8,937,025
09/02/2015	100.92	101.94	99.55	101.89	12,131,100
09/01/2015	99.31	101.3396	99.1578	99.51	14,188,520
08/31/2015	102.3	102.46	100.91	101.88	8,510,126
08/28/2015	102.19	103.34	101.81	102.48	10,996,440
08/27/2015	101.35	102.62	99.78	102.17	17,448,530
08/26/2015	98.69	99.49	96.26	99.23	13,727,110
08/25/2015	99.73	100.09	95.72	95.89	19,017,220
08/24/2015	93.38	99.995	90	95.36	30,130,200
08/21/2015	97.5	100.63	96.61	98.84	30,861,960
08/20/2015	104.34	105	99.76	100.02	34,602,620
08/19/2015	106.58	107.75	105.7701	106.45	9,481,356
08/18/2015	108.04	108.25	106.8	106.94	12,015,220
08/17/2015	107.3	109.28	106.84	109.05	7,937,078
08/14/2015	107.61	107.67	106.52	107.16	7,103,506
08/13/2015	107.21	108.51	106.75	107.52	9,747,138
08/12/2015	107		107.44	105.51	106.99	17,015,980
08/11/2015	110.34	110.49	107.95	108	13,568,590
08/10/2015	110	111	109.74	111	11,550,370
08/07/2015	108.75	109.5598	107.66	109.35	15,789,590
08/06/2015	110.4	110.4	104.24	108.55	57,125,400
08/05/2015	110.83	113.95	109.5	110.53	60,960,010
08/04/2015	121.5	122.08	120.61	121.69	11,444,910
08/03/2015	120.88	121.73	120.17	121.12	8,402,412
07/31/2015	120.12	120.72	119.5994	120	5,755,247
07/30/2015	119.71	120.35	119.01	120.03	4,428,127
07/29/2015	118.85	119.86	118.41	119.84	6,080,017
07/28/2015	118.68	118.9	117.87	118.46	6,446,661
07/27/2015	118.63	118.8	117.78	118.25	5,177,449
07/24/2015	119.35	119.8	118.58	118.91	4,320,744
07/23/2015	119.3	119.6699	118.57	118.8	3,345,046
07/22/2015	119.28	119.7	118.93	119.33	4,713,574
07/21/2015	119.76	119.8	118.83	119.31	4,782,547
07/20/2015	119.29	119.9	118.89	119.58	6,949,030
07/17/2015	118.69	118.9	118.03	118.86	5,108,476
07/16/2015	119		119.15	118.535	119.07	6,302,472
07/15/2015	118.04	118.9	117.85	118.3	4,844,419
07/14/2015	118.03	118.1399	117.7	117.85	5,059,699
07/13/2015	117.75	118.3099	117.25	118.05	7,593,150
07/10/2015	117.05	117.43	115.67	116.44	7,020,048
07/09/2015	116.83	117.21	115.51	115.6	7,014,257
